[gd_scene load_steps=3 format=3 uid="uid://bpp7erdkbl2kn"]

[ext_resource type="PackedScene" uid="uid://wbkgpp6jo7r7" path="res://player/scene/player.tscn" id="1_41o0g"]

[sub_resource type="BoxMesh" id="BoxMesh_7y2f7"]

[node name="Node3D" type="Node3D"]

[node name="MeshInstance3D" type="MeshInstance3D" parent="."]
transform = Transform3D(4, 0, 0, 0, 0.01, 0, 0, 0, 8, 0.804924, 18.4276, 1.90952)
mesh = SubResource("BoxMesh_7y2f7")

[node name="CSGPolygon3D" type="CSGPolygon3D" parent="MeshInstance3D"]
transform = Transform3D(0.09625, 0, 0, 0, 0.621301, -39.6369, 0, 0.00506581, 0.00759578, -0.207677, 138.751, -0.41591)
polygon = PackedVector2Array(0.685945, 0.0458641, 1.04777, -0.310738, 1.02504, 2.30844, 0.664195, 2.04256)
mode = 1
spin_degrees = 360.0
spin_sides = 13

[node name="CSGPolygon3D" type="CSGPolygon3D" parent="MeshInstance3D/CSGPolygon3D"]
transform = Transform3D(1, 0, 0, 0, -4.37113e-08, 0.999998, 0, -0.999998, -4.37113e-08, -0.554398, 1.96999, 0.614967)
polygon = PackedVector2Array(0.0224246, 1.08142, 0.471058, 0.93008, 0.70116, 0.920773, 1.18792, 1.04992, 1.26119, 0.95937, 0.76453, 0.548096, 0.61373, -0.155514, 0.441763, -0.15271, 0.357479, 0.571949, -0.0519773, 0.921028)
depth = 0.5

[node name="CSGPolygon3D2" type="CSGPolygon3D" parent="MeshInstance3D"]
transform = Transform3D(-0.249808, -0.00490312, -2.14322e-10, 0, -4.37114e-06, 100, -0.00980624, 0.124904, 5.45972e-09, -0.148011, 57.5203, -0.303112)
polygon = PackedVector2Array(-0.218258, 1.01381, 0.904363, 1.06322, 0.93647, -0.0311716, 0.745271, -0.195659, -0.0223534, -0.248757, -0.265602, -0.119585)
depth = 0.19

[node name="CSGPolygon3D" type="CSGPolygon3D" parent="MeshInstance3D/CSGPolygon3D2"]
transform = Transform3D(1, 6.72117e-16, -1.30385e-08, -5.96046e-08, -4.37114e-08, -1, 6.66134e-16, 1, -4.37114e-08, -0.0972721, 0.970788, 0.687031)
polygon = PackedVector2Array(0.446707, 0.847277, 0.775322, 0.797647, 0.952481, 0.683306, 1.0417, -0.792562, -0.164902, -0.79298, -0.121362, 0.686535, 0.0585091, 0.797449)
depth = 0.15

[node name="CSGPolygon3D2" type="CSGPolygon3D" parent="MeshInstance3D/CSGPolygon3D2"]
transform = Transform3D(0.00110633, 0.0559941, -0.998429, 0.00379216, 0.998423, 0.0559979, 0.999992, -0.00384817, 0.000892224, -0.337102, -0.0270705, -0.0702381)
polygon = PackedVector2Array(-0.103725, -0.0883737, -0.110579, 1.15522, 1.45073, 1.14216, 1.44571, 0.992801, 0.783543, 0.949257, 0.282854, 0.821836, 0.119255, 0.548188, 0.0579453, -0.0870509)
depth = 0.08

[node name="CSGPolygon3D3" type="CSGPolygon3D" parent="MeshInstance3D/CSGPolygon3D2"]
transform = Transform3D(0.00155043, -0.0558271, -0.998437, 0.00348521, 0.998434, -0.0558214, 0.999993, -0.00339322, 0.00174257, 0.921328, -0.00161201, -0.0718536)
polygon = PackedVector2Array(-0.108879, -0.00613153, -0.110579, 1.15522, 1.44297, 1.11933, 1.44544, 0.969606, 0.783543, 0.949257, 0.282854, 0.821836, 0.119255, 0.548188, 0.0578308, -0.0238954)
depth = 0.08

[node name="CSGPolygon3D3" type="CSGPolygon3D" parent="MeshInstance3D"]
transform = Transform3D(-0.249808, -0.00490312, -2.14322e-10, 0, -4.37114e-06, 100, -0.00980624, 0.124904, 5.45972e-09, 0.28822, 57.5203, -0.303112)
polygon = PackedVector2Array(-0.218258, 1.01381, 0.904363, 1.06322, 0.93647, -0.0311716, 0.745271, -0.195659, -0.0223534, -0.248757, -0.265602, -0.119585)
depth = 0.19

[node name="CSGPolygon3D" type="CSGPolygon3D" parent="MeshInstance3D/CSGPolygon3D3"]
transform = Transform3D(1, 6.72117e-16, -1.30385e-08, -5.96046e-08, -4.37114e-08, -1, 6.66134e-16, 1, -4.37114e-08, -0.0972721, 0.970788, 0.687031)
polygon = PackedVector2Array(0.446707, 0.847277, 0.775322, 0.797647, 0.952481, 0.683306, 1.0417, -0.792562, -0.164902, -0.79298, -0.121362, 0.686535, 0.0585091, 0.797449)
depth = 0.15

[node name="CSGPolygon3D2" type="CSGPolygon3D" parent="MeshInstance3D/CSGPolygon3D3"]
transform = Transform3D(0.00110633, 0.0559941, -0.998429, 0.00379216, 0.998423, 0.0559979, 0.999992, -0.00384817, 0.000892224, -0.337102, -0.0270705, -0.0702381)
polygon = PackedVector2Array(-0.103725, -0.0883737, -0.110579, 1.15522, 1.45073, 1.14216, 1.44571, 0.992801, 0.783543, 0.949257, 0.282854, 0.821836, 0.119255, 0.548188, 0.0579453, -0.0870509)
depth = 0.08

[node name="CSGPolygon3D3" type="CSGPolygon3D" parent="MeshInstance3D/CSGPolygon3D3"]
transform = Transform3D(0.00155043, -0.0558271, -0.998437, 0.00348521, 0.998434, -0.0558214, 0.999993, -0.00339322, 0.00174257, 0.921328, -0.00161201, -0.0718536)
polygon = PackedVector2Array(-0.108879, -0.00613153, -0.110579, 1.15522, 1.44297, 1.11933, 1.44544, 0.969606, 0.783543, 0.949257, 0.282854, 0.821836, 0.119255, 0.548188, 0.0578308, -0.0238954)
depth = 0.08

[node name="player" parent="." instance=ExtResource("1_41o0g")]
transform = Transform3D(1, 0, 0, 0, 1, 0, 0, 0, 1, -0.131612, 19.5372, -0.000809669)
